SCORE:     score     fa_atr     fa_rep     fa_sol    fa_intra_rep    fa_intra_sol_xover4    lk_ball_wtd    fa_elec    pro_close    hbond_sr_bb    hbond_lr_bb    hbond_bb_sc    hbond_sc    dslf_fa13      omega     fa_dun    p_aa_pp    yhh_planarity        ref    rama_prepro    irms    rms       description
SCORE:  2485.140  -8977.614    956.261   6836.065          26.386                534.836       -354.316  -1777.553       98.853       -461.278       -147.753       -150.564    -185.445        0.000    250.079   5729.883   -135.867            0.001    179.020         64.148   0.000 42.057 5fw2_aligned_0001
SCORE:  2484.838  -8977.610    956.214   6836.083          26.386                534.834       -354.307  -1777.507       98.876       -461.307       -147.758       -150.579    -185.431        0.000    250.080   5729.573   -135.897            0.000    179.020         64.167   0.000 42.057   5fw2_0001
SCORE:  2056.574  -9713.325   1987.836   7037.435          24.269                554.390       -322.133  -2174.408      152.539       -521.640       -168.496       -216.993    -137.363        0.000    374.956   5084.815   -191.125            0.000    158.369        127.449   0.000  2.983 5vw1_clean_0001
SCORE:  2108.713  -9782.386   2048.977   7120.416          24.487                556.870       -321.129  -2196.639      152.539       -521.640       -168.496       -220.043    -137.813        0.000    374.956   5083.920   -191.125            0.000    158.369        127.449          0.089    1.000       1.000       1.000       1.000       1.000       1.000   0.000  1448.000     1448.000  0.000   5vw1_0001
SCORE:  2158.290  -9782.447   2094.610   7114.938          24.494                556.415       -320.479  -2189.947      152.539       -521.647       -168.500       -219.308    -135.592        0.000    375.043   5083.375   -192.209            0.000    160.555        126.451          0.124    1.000       1.000       1.000       1.000       1.000       1.000   0.000  1448.000     1448.000  0.000    100_0001
SCORE:  2158.385  -9784.128   2094.908   7117.130          24.486                556.553       -321.837  -2189.967      152.539       -521.647       -168.500       -219.308    -134.359        0.000    375.043   5082.676   -192.209            0.000    160.555        126.451          0.109    1.000       1.000       1.000       1.000       1.000       1.000   0.000  1448.000     1448.000  0.000     10_0001
SCORE:  2158.762  -9778.997   2093.933   7108.835          24.492                556.012       -321.387  -2185.602      152.539       -521.647       -168.500       -219.308    -135.792        0.000    375.043   5084.345   -192.209            0.000    160.555        126.451          0.116    1.000       1.000       1.000       1.000       1.000       1.000   0.000  1448.000     1448.000  0.000     11_0001
SCORE:  2158.385  -9784.128   2094.908   7117.130          24.486                556.553       -321.837  -2189.967      152.539       -521.647       -168.500       -219.308    -134.359        0.000    375.043   5082.676   -192.209            0.000    160.555        126.451          0.110    1.000       1.000       1.000       1.000       1.000       1.000   0.000  1448.000     1448.000  0.000     12_0001
SCORE:  2158.290  -9782.447   2094.610   7114.938          24.494                556.415       -320.479  -2189.947      152.539       -521.647       -168.500       -219.308    -135.592        0.000    375.043   5083.375   -192.209            0.000    160.555        126.451          0.120    1.000       1.000       1.000       1.000       1.000       1.000   0.000  1448.000     1448.000  0.000     13_0001
SCORE:  2158.385  -9784.128   2094.908   7117.130          24.486                556.553       -321.837  -2189.967      152.539       -521.647       -168.500       -219.308    -134.359        0.000    375.043   5082.676   -192.209            0.000    160.555        126.451          0.109    1.000       1.000       1.000       1.000       1.000       1.000   0.000  1448.000     1448.000  0.000     14_0001
SCORE:  2158.385  -9784.128   2094.908   7117.130          24.486                556.553       -321.837  -2189.967      152.539       -521.647       -168.500       -219.308    -134.359        0.000    375.043   5082.676   -192.209            0.000    160.555        126.451          0.138    1.000       1.000       1.000       1.000       1.000       1.000   0.000  1448.000     1448.000  0.000     15_0001
SCORE:  2158.762  -9778.997   2093.933   7108.835          24.492                556.012       -321.387  -2185.602      152.539       -521.647       -168.500       -219.308    -135.792        0.000    375.043   5084.345   -192.209            0.000    160.555        126.451          0.147    1.000       1.000       1.000       1.000       1.000       1.000   0.000  1448.000     1448.000  0.000     16_0001
SCORE:  2158.290  -9782.447   2094.610   7114.938          24.494                556.415       -320.479  -2189.947      152.539       -521.647       -168.500       -219.308    -135.592        0.000    375.043   5083.375   -192.209            0.000    160.555        126.451          0.124    1.000       1.000       1.000       1.000       1.000       1.000   0.000  1448.000     1448.000  0.000     17_0001
SCORE:  2158.762  -9778.997   2093.933   7108.835          24.492                556.012       -321.387  -2185.602      152.539       -521.647       -168.500       -219.308    -135.792        0.000    375.043   5084.345   -192.209            0.000    160.555        126.451          0.117    1.000       1.000       1.000       1.000       1.000       1.000   0.000  1448.000     1448.000  0.000     18_0001
SCORE:  2158.290  -9782.447   2094.610   7114.938          24.494                556.415       -320.479  -2189.947      152.539       -521.647       -168.500       -219.308    -135.592        0.000    375.043   5083.375   -192.209            0.000    160.555        126.451          0.149    1.000       1.000       1.000       1.000       1.000       1.000   0.000  1448.000     1448.000  0.000     19_0001
SCORE:  2158.290  -9782.447   2094.610   7114.938          24.494                556.415       -320.479  -2189.947      152.539       -521.647       -168.500       -219.308    -135.592        0.000    375.043   5083.375   -192.209            0.000    160.555        126.451          0.150    1.000       1.000       1.000       1.000       1.000       1.000   0.000  1448.000     1448.000  0.000      1_0001
SCORE:  2158.290  -9782.447   2094.610   7114.938          24.494                556.415       -320.479  -2189.947      152.539       -521.647       -168.500       -219.308    -135.592        0.000    375.043   5083.375   -192.209            0.000    160.555        126.451          0.124    1.000       1.000       1.000       1.000       1.000       1.000   0.000  1448.000     1448.000  0.000     20_0001
SCORE:  2158.385  -9784.128   2094.908   7117.130          24.486                556.553       -321.837  -2189.967      152.539       -521.647       -168.500       -219.308    -134.359        0.000    375.043   5082.676   -192.209            0.000    160.555        126.451          0.106    1.000       1.000       1.000       1.000       1.000       1.000   0.000  1448.000     1448.000  0.000     21_0001
SCORE:  2158.385  -9784.128   2094.908   7117.130          24.486                556.553       -321.837  -2189.967      152.539       -521.647       -168.500       -219.308    -134.359        0.000    375.043   5082.676   -192.209            0.000    160.555        126.451          0.110    1.000       1.000       1.000       1.000       1.000       1.000   0.000  1448.000     1448.000  0.000     22_0001
SCORE:  2158.385  -9784.128   2094.908   7117.130          24.486                556.553       -321.837  -2189.967      152.539       -521.647       -168.500       -219.308    -134.359        0.000    375.043   5082.676   -192.209            0.000    160.555        126.451          0.110    1.000       1.000       1.000       1.000       1.000       1.000   0.000  1448.000     1448.000  0.000     23_0001
SCORE:  2158.385  -9784.128   2094.908   7117.130          24.486                556.553       -321.837  -2189.967      152.539       -521.647       -168.500       -219.308    -134.359        0.000    375.043   5082.676   -192.209            0.000    160.555        126.451          0.141    1.000       1.000       1.000       1.000       1.000       1.000   0.000  1448.000     1448.000  0.000     24_0001
SCORE:  2158.290  -9782.447   2094.610   7114.938          24.494                556.415       -320.479  -2189.947      152.539       -521.647       -168.500       -219.308    -135.592        0.000    375.043   5083.375   -192.209            0.000    160.555        126.451          0.123    1.000       1.000       1.000       1.000       1.000       1.000   0.000  1448.000     1448.000  0.000     25_0001
SCORE:  2158.385  -9784.128   2094.908   7117.130          24.486                556.553       -321.837  -2189.967      152.539       -521.647       -168.500       -219.308    -134.359        0.000    375.043   5082.676   -192.209            0.000    160.555        126.451          0.138    1.000       1.000       1.000       1.000       1.000       1.000   0.000  1448.000     1448.000  0.000     26_0001
SCORE:  2158.290  -9782.447   2094.610   7114.938          24.494                556.415       -320.479  -2189.947      152.539       -521.647       -168.500       -219.308    -135.592        0.000    375.043   5083.375   -192.209            0.000    160.555        126.451          0.123    1.000       1.000       1.000       1.000       1.000       1.000   0.000  1448.000     1448.000  0.000     27_0001
SCORE:  2158.762  -9778.997   2093.933   7108.835          24.492                556.012       -321.387  -2185.602      152.539       -521.647       -168.500       -219.308    -135.792        0.000    375.043   5084.345   -192.209            0.000    160.555        126.451          0.145    1.000       1.000       1.000       1.000       1.000       1.000   0.000  1448.000     1448.000  0.000     28_0001
SCORE:  2158.290  -9782.447   2094.610   7114.938          24.494                556.415       -320.479  -2189.947      152.539       -521.647       -168.500       -219.308    -135.592        0.000    375.043   5083.375   -192.209            0.000    160.555        126.451          0.119    1.000       1.000       1.000       1.000       1.000       1.000   0.000  1448.000     1448.000  0.000     29_0001
SCORE:  2158.290  -9782.447   2094.610   7114.938          24.494                556.415       -320.479  -2189.947      152.539       -521.647       -168.500       -219.308    -135.592        0.000    375.043   5083.375   -192.209            0.000    160.555        126.451          0.120    1.000       1.000       1.000       1.000       1.000       1.000   0.000  1448.000     1448.000  0.000      2_0001
SCORE:  2158.385  -9784.128   2094.908   7117.130          24.486                556.553       -321.837  -2189.967      152.539       -521.647       -168.500       -219.308    -134.359        0.000    375.043   5082.676   -192.209            0.000    160.555        126.451          0.110    1.000       1.000       1.000       1.000       1.000       1.000   0.000  1448.000     1448.000  0.000     30_0001
SCORE:  2158.290  -9782.447   2094.610   7114.938          24.494                556.415       -320.479  -2189.947      152.539       -521.647       -168.500       -219.308    -135.592        0.000    375.043   5083.375   -192.209            0.000    160.555        126.451          0.123    1.000       1.000       1.000       1.000       1.000       1.000   0.000  1448.000     1448.000  0.000     31_0001
SCORE:  2158.385  -9784.128   2094.908   7117.130          24.486                556.553       -321.837  -2189.967      152.539       -521.647       -168.500       -219.308    -134.359        0.000    375.043   5082.676   -192.209            0.000    160.555        126.451          0.111    1.000       1.000       1.000       1.000       1.000       1.000   0.000  1448.000     1448.000  0.000     32_0001
SCORE:  2158.290  -9782.447   2094.610   7114.938          24.494                556.415       -320.479  -2189.947      152.539       -521.647       -168.500       -219.308    -135.592        0.000    375.043   5083.375   -192.209            0.000    160.555        126.451          0.152    1.000       1.000       1.000       1.000       1.000       1.000   0.000  1448.000     1448.000  0.000     33_0001
SCORE:  2158.290  -9782.447   2094.610   7114.938          24.494                556.415       -320.479  -2189.947      152.539       -521.647       -168.500       -219.308    -135.592        0.000    375.043   5083.375   -192.209            0.000    160.555        126.451          0.123    1.000       1.000       1.000       1.000       1.000       1.000   0.000  1448.000     1448.000  0.000     34_0001
SCORE:  2158.385  -9784.128   2094.908   7117.130          24.486                556.553       -321.837  -2189.967      152.539       -521.647       -168.500       -219.308    -134.359        0.000    375.043   5082.676   -192.209            0.000    160.555        126.451          0.106    1.000       1.000       1.000       1.000       1.000       1.000   0.000  1448.000     1448.000  0.000     35_0001
SCORE:  2158.290  -9782.447   2094.610   7114.938          24.494                556.415       -320.479  -2189.947      152.539       -521.647       -168.500       -219.308    -135.592        0.000    375.043   5083.375   -192.209            0.000    160.555        126.451          0.123    1.000       1.000       1.000       1.000       1.000       1.000   0.000  1448.000     1448.000  0.000     36_0001
SCORE:  2158.290  -9782.447   2094.610   7114.938          24.494                556.415       -320.479  -2189.947      152.539       -521.647       -168.500       -219.308    -135.592        0.000    375.043   5083.375   -192.209            0.000    160.555        126.451          0.120    1.000       1.000       1.000       1.000       1.000       1.000   0.000  1448.000     1448.000  0.000     37_0001
SCORE:  2158.385  -9784.128   2094.908   7117.130          24.486                556.553       -321.837  -2189.967      152.539       -521.647       -168.500       -219.308    -134.359        0.000    375.043   5082.676   -192.209            0.000    160.555        126.451          0.139    1.000       1.000       1.000       1.000       1.000       1.000   0.000  1448.000     1448.000  0.000     38_0001
SCORE:  2158.290  -9782.447   2094.610   7114.938          24.494                556.415       -320.479  -2189.947      152.539       -521.647       -168.500       -219.308    -135.592        0.000    375.043   5083.375   -192.209            0.000    160.555        126.451          0.122    1.000       1.000       1.000       1.000       1.000       1.000   0.000  1448.000     1448.000  0.000     39_0001
SCORE:  2158.290  -9782.447   2094.610   7114.938          24.494                556.415       -320.479  -2189.947      152.539       -521.647       -168.500       -219.308    -135.592        0.000    375.043   5083.375   -192.209            0.000    160.555        126.451          0.123    1.000       1.000       1.000       1.000       1.000       1.000   0.000  1448.000     1448.000  0.000      3_0001
SCORE:  2158.385  -9784.128   2094.908   7117.130          24.486                556.553       -321.837  -2189.967      152.539       -521.647       -168.500       -219.308    -134.359        0.000    375.043   5082.676   -192.209            0.000    160.555        126.451          0.109    1.000       1.000       1.000       1.000       1.000       1.000   0.000  1448.000     1448.000  0.000     40_0001
SCORE:  2158.290  -9782.447   2094.610   7114.938          24.494                556.415       -320.479  -2189.947      152.539       -521.647       -168.500       -219.308    -135.592        0.000    375.043   5083.375   -192.209            0.000    160.555        126.451          0.122    1.000       1.000       1.000       1.000       1.000       1.000   0.000  1448.000     1448.000  0.000     41_0001
SCORE:  2158.290  -9782.447   2094.610   7114.938          24.494                556.415       -320.479  -2189.947      152.539       -521.647       -168.500       -219.308    -135.592        0.000    375.043   5083.375   -192.209            0.000    160.555        126.451          0.123    1.000       1.000       1.000       1.000       1.000       1.000   0.000  1448.000     1448.000  0.000     42_0001
SCORE:  2158.290  -9782.447   2094.610   7114.938          24.494                556.415       -320.479  -2189.947      152.539       -521.647       -168.500       -219.308    -135.592        0.000    375.043   5083.375   -192.209            0.000    160.555        126.451          0.120    1.000       1.000       1.000       1.000       1.000       1.000   0.000  1448.000     1448.000  0.000     43_0001
SCORE:  2158.290  -9782.447   2094.610   7114.938          24.494                556.415       -320.479  -2189.947      152.539       -521.647       -168.500       -219.308    -135.592        0.000    375.043   5083.375   -192.209            0.000    160.555        126.451          0.124    1.000       1.000       1.000       1.000       1.000       1.000   0.000  1448.000     1448.000  0.000     44_0001
SCORE:  2158.385  -9784.128   2094.908   7117.130          24.486                556.553       -321.837  -2189.967      152.539       -521.647       -168.500       -219.308    -134.359        0.000    375.043   5082.676   -192.209            0.000    160.555        126.451          0.111    1.000       1.000       1.000       1.000       1.000       1.000   0.000  1448.000     1448.000  0.000     45_0001
SCORE:  2158.385  -9784.128   2094.908   7117.130          24.486                556.553       -321.837  -2189.967      152.539       -521.647       -168.500       -219.308    -134.359        0.000    375.043   5082.676   -192.209            0.000    160.555        126.451          0.106    1.000       1.000       1.000       1.000       1.000       1.000   0.000  1448.000     1448.000  0.000     46_0001
SCORE:  2158.290  -9782.447   2094.610   7114.938          24.494                556.415       -320.479  -2189.947      152.539       -521.647       -168.500       -219.308    -135.592        0.000    375.043   5083.375   -192.209            0.000    160.555        126.451          0.152    1.000       1.000       1.000       1.000       1.000       1.000   0.000  1448.000     1448.000  0.000     47_0001
SCORE:  2158.290  -9782.447   2094.610   7114.938          24.494                556.415       -320.479  -2189.947      152.539       -521.647       -168.500       -219.308    -135.592        0.000    375.043   5083.375   -192.209            0.000    160.555        126.451          0.119    1.000       1.000       1.000       1.000       1.000       1.000   0.000  1448.000     1448.000  0.000     48_0001
SCORE:  2158.290  -9782.447   2094.610   7114.938          24.494                556.415       -320.479  -2189.947      152.539       -521.647       -168.500       -219.308    -135.592        0.000    375.043   5083.375   -192.209            0.000    160.555        126.451          0.149    1.000       1.000       1.000       1.000       1.000       1.000   0.000  1448.000     1448.000  0.000     49_0001
SCORE:  2158.858  -9780.677   2094.231   7111.026          24.484                556.150       -322.745  -2185.622      152.539       -521.647       -168.500       -219.308    -134.559        0.000    375.043   5083.646   -192.209            0.000    160.555        126.451          0.135    1.000       1.000       1.000       1.000       1.000       1.000   0.000  1448.000     1448.000  0.000      4_0001
SCORE:  2158.290  -9782.447   2094.610   7114.938          24.494                556.415       -320.479  -2189.947      152.539       -521.647       -168.500       -219.308    -135.592        0.000    375.043   5083.375   -192.209            0.000    160.555        126.451          0.124    1.000       1.000       1.000       1.000       1.000       1.000   0.000  1448.000     1448.000  0.000     50_0001
SCORE:  2158.290  -9782.447   2094.610   7114.938          24.494                556.415       -320.479  -2189.947      152.539       -521.647       -168.500       -219.308    -135.592        0.000    375.043   5083.375   -192.209            0.000    160.555        126.451          0.120    1.000       1.000       1.000       1.000       1.000       1.000   0.000  1448.000     1448.000  0.000     51_0001
SCORE:  2158.385  -9784.128   2094.908   7117.130          24.486                556.553       -321.837  -2189.967      152.539       -521.647       -168.500       -219.308    -134.359        0.000    375.043   5082.676   -192.209            0.000    160.555        126.451          0.106    1.000       1.000       1.000       1.000       1.000       1.000   0.000  1448.000     1448.000  0.000     52_0001
SCORE:  2158.290  -9782.447   2094.610   7114.938          24.494                556.415       -320.479  -2189.947      152.539       -521.647       -168.500       -219.308    -135.592        0.000    375.043   5083.375   -192.209            0.000    160.555        126.451          0.120    1.000       1.000       1.000       1.000       1.000       1.000   0.000  1448.000     1448.000  0.000     53_0001
SCORE:  2158.385  -9784.128   2094.908   7117.130          24.486                556.553       -321.837  -2189.967      152.539       -521.647       -168.500       -219.308    -134.359        0.000    375.043   5082.676   -192.209            0.000    160.555        126.451          0.138    1.000       1.000       1.000       1.000       1.000       1.000   0.000  1448.000     1448.000  0.000     54_0001
SCORE:  2158.290  -9782.447   2094.610   7114.938          24.494                556.415       -320.479  -2189.947      152.539       -521.647       -168.500       -219.308    -135.592        0.000    375.043   5083.375   -192.209            0.000    160.555        126.451          0.151    1.000       1.000       1.000       1.000       1.000       1.000   0.000  1448.000     1448.000  0.000     55_0001
SCORE:  2158.762  -9778.997   2093.933   7108.835          24.492                556.012       -321.387  -2185.602      152.539       -521.647       -168.500       -219.308    -135.792        0.000    375.043   5084.345   -192.209            0.000    160.555        126.451          0.147    1.000       1.000       1.000       1.000       1.000       1.000   0.000  1448.000     1448.000  0.000     56_0001
SCORE:  2158.290  -9782.447   2094.610   7114.938          24.494                556.415       -320.479  -2189.947      152.539       -521.647       -168.500       -219.308    -135.592        0.000    375.043   5083.375   -192.209            0.000    160.555        126.451          0.121    1.000       1.000       1.000       1.000       1.000       1.000   0.000  1448.000     1448.000  0.000     57_0001
SCORE:  2158.290  -9782.447   2094.610   7114.938          24.494                556.415       -320.479  -2189.947      152.539       -521.647       -168.500       -219.308    -135.592        0.000    375.043   5083.375   -192.209            0.000    160.555        126.451          0.120    1.000       1.000       1.000       1.000       1.000       1.000   0.000  1448.000     1448.000  0.000     58_0001
SCORE:  2158.290  -9782.447   2094.610   7114.938          24.494                556.415       -320.479  -2189.947      152.539       -521.647       -168.500       -219.308    -135.592        0.000    375.043   5083.375   -192.209            0.000    160.555        126.451          0.150    1.000       1.000       1.000       1.000       1.000       1.000   0.000  1448.000     1448.000  0.000     59_0001
SCORE:  2158.385  -9784.128   2094.908   7117.130          24.486                556.553       -321.837  -2189.967      152.539       -521.647       -168.500       -219.308    -134.359        0.000    375.043   5082.676   -192.209            0.000    160.555        126.451          0.148    1.000       1.000       1.000       1.000       1.000       1.000   0.000  1448.000     1448.000  0.000      5_0001
SCORE:  2158.290  -9782.447   2094.610   7114.938          24.494                556.415       -320.479  -2189.947      152.539       -521.647       -168.500       -219.308    -135.592        0.000    375.043   5083.375   -192.209            0.000    160.555        126.451          0.121    1.000       1.000       1.000       1.000       1.000       1.000   0.000  1448.000     1448.000  0.000     60_0001
SCORE:  2158.385  -9784.128   2094.908   7117.130          24.486                556.553       -321.837  -2189.967      152.539       -521.647       -168.500       -219.308    -134.359        0.000    375.043   5082.676   -192.209            0.000    160.555        126.451          0.138    1.000       1.000       1.000       1.000       1.000       1.000   0.000  1448.000     1448.000  0.000     61_0001
SCORE:  2158.858  -9780.677   2094.231   7111.026          24.484                556.150       -322.745  -2185.622      152.539       -521.647       -168.500       -219.308    -134.559        0.000    375.043   5083.646   -192.209            0.000    160.555        126.451          0.136    1.000       1.000       1.000       1.000       1.000       1.000   0.000  1448.000     1448.000  0.000     62_0001
SCORE:  2158.385  -9784.128   2094.908   7117.130          24.486                556.553       -321.837  -2189.967      152.539       -521.647       -168.500       -219.308    -134.359        0.000    375.043   5082.676   -192.209            0.000    160.555        126.451          0.107    1.000       1.000       1.000       1.000       1.000       1.000   0.000  1448.000     1448.000  0.000     63_0001
SCORE:  2158.385  -9784.128   2094.908   7117.130          24.486                556.553       -321.837  -2189.967      152.539       -521.647       -168.500       -219.308    -134.359        0.000    375.043   5082.676   -192.209            0.000    160.555        126.451          0.106    1.000       1.000       1.000       1.000       1.000       1.000   0.000  1448.000     1448.000  0.000     64_0001
SCORE:  2158.290  -9782.447   2094.610   7114.938          24.494                556.415       -320.479  -2189.947      152.539       -521.647       -168.500       -219.308    -135.592        0.000    375.043   5083.375   -192.209            0.000    160.555        126.451          0.119    1.000       1.000       1.000       1.000       1.000       1.000   0.000  1448.000     1448.000  0.000     65_0001
SCORE:  2158.290  -9782.447   2094.610   7114.938          24.494                556.415       -320.479  -2189.947      152.539       -521.647       -168.500       -219.308    -135.592        0.000    375.043   5083.375   -192.209            0.000    160.555        126.451          0.120    1.000       1.000       1.000       1.000       1.000       1.000   0.000  1448.000     1448.000  0.000     66_0001
SCORE:  2158.385  -9784.128   2094.908   7117.130          24.486                556.553       -321.837  -2189.967      152.539       -521.647       -168.500       -219.308    -134.359        0.000    375.043   5082.676   -192.209            0.000    160.555        126.451          0.110    1.000       1.000       1.000       1.000       1.000       1.000   0.000  1448.000     1448.000  0.000     67_0001
SCORE:  2158.385  -9784.128   2094.908   7117.130          24.486                556.553       -321.837  -2189.967      152.539       -521.647       -168.500       -219.308    -134.359        0.000    375.043   5082.676   -192.209            0.000    160.555        126.451          0.139    1.000       1.000       1.000       1.000       1.000       1.000   0.000  1448.000     1448.000  0.000     68_0001
SCORE:  2158.762  -9778.997   2093.933   7108.835          24.492                556.012       -321.387  -2185.602      152.539       -521.647       -168.500       -219.308    -135.792        0.000    375.043   5084.345   -192.209            0.000    160.555        126.451          0.147    1.000       1.000       1.000       1.000       1.000       1.000   0.000  1448.000     1448.000  0.000     69_0001
SCORE:  2158.385  -9784.128   2094.908   7117.130          24.486                556.553       -321.837  -2189.967      152.539       -521.647       -168.500       -219.308    -134.359        0.000    375.043   5082.676   -192.209            0.000    160.555        126.451          0.109    1.000       1.000       1.000       1.000       1.000       1.000   0.000  1448.000     1448.000  0.000      6_0001
SCORE:  2158.385  -9784.128   2094.908   7117.130          24.486                556.553       -321.837  -2189.967      152.539       -521.647       -168.500       -219.308    -134.359        0.000    375.043   5082.676   -192.209            0.000    160.555        126.451          0.107    1.000       1.000       1.000       1.000       1.000       1.000   0.000  1448.000     1448.000  0.000     70_0001
SCORE:  2158.290  -9782.447   2094.610   7114.938          24.494                556.415       -320.479  -2189.947      152.539       -521.647       -168.500       -219.308    -135.592        0.000    375.043   5083.375   -192.209            0.000    160.555        126.451          0.120    1.000       1.000       1.000       1.000       1.000       1.000   0.000  1448.000     1448.000  0.000     71_0001
SCORE:  2158.385  -9784.128   2094.908   7117.130          24.486                556.553       -321.837  -2189.967      152.539       -521.647       -168.500       -219.308    -134.359        0.000    375.043   5082.676   -192.209            0.000    160.555        126.451          0.110    1.000       1.000       1.000       1.000       1.000       1.000   0.000  1448.000     1448.000  0.000     72_0001
SCORE:  2158.290  -9782.447   2094.610   7114.938          24.494                556.415       -320.479  -2189.947      152.539       -521.647       -168.500       -219.308    -135.592        0.000    375.043   5083.375   -192.209            0.000    160.555        126.451          0.121    1.000       1.000       1.000       1.000       1.000       1.000   0.000  1448.000     1448.000  0.000     73_0001
SCORE:  2158.290  -9782.447   2094.610   7114.938          24.494                556.415       -320.479  -2189.947      152.539       -521.647       -168.500       -219.308    -135.592        0.000    375.043   5083.375   -192.209            0.000    160.555        126.451          0.119    1.000       1.000       1.000       1.000       1.000       1.000   0.000  1448.000     1448.000  0.000     74_0001
SCORE:  2158.290  -9782.447   2094.610   7114.938          24.494                556.415       -320.479  -2189.947      152.539       -521.647       -168.500       -219.308    -135.592        0.000    375.043   5083.375   -192.209            0.000    160.555        126.451          0.121    1.000       1.000       1.000       1.000       1.000       1.000   0.000  1448.000     1448.000  0.000     75_0001
SCORE:  2158.290  -9782.447   2094.610   7114.938          24.494                556.415       -320.479  -2189.947      152.539       -521.647       -168.500       -219.308    -135.592        0.000    375.043   5083.375   -192.209            0.000    160.555        126.451          0.119    1.000       1.000       1.000       1.000       1.000       1.000   0.000  1448.000     1448.000  0.000     76_0001
SCORE:  2160.832  -9786.157   2095.160   7118.719          24.496                556.794       -322.051  -2189.610      152.539       -521.647       -168.500       -219.308    -134.359        0.000    375.043   5084.915   -192.209            0.000    160.555        126.451          0.148    1.000       1.000       1.000       1.000       1.000       1.000   0.000  1448.000     1448.000  0.000     77_0001
SCORE:  2158.290  -9782.447   2094.610   7114.938          24.494                556.415       -320.479  -2189.947      152.539       -521.647       -168.500       -219.308    -135.592        0.000    375.043   5083.375   -192.209            0.000    160.555        126.451          0.124    1.000       1.000       1.000       1.000       1.000       1.000   0.000  1448.000     1448.000  0.000     78_0001
SCORE:  2158.290  -9782.447   2094.610   7114.938          24.494                556.415       -320.479  -2189.947      152.539       -521.647       -168.500       -219.308    -135.592        0.000    375.043   5083.375   -192.209            0.000    160.555        126.451          0.119    1.000       1.000       1.000       1.000       1.000       1.000   0.000  1448.000     1448.000  0.000     79_0001
SCORE:  2159.461  -9779.129   2094.352   7109.390          24.487                555.496       -320.844  -2186.868      152.539       -521.647       -168.500       -219.308    -135.375        0.000    375.043   5085.029   -192.209            0.000    160.555        126.451          0.144    1.000       1.000       1.000       1.000       1.000       1.000   0.000  1448.000     1448.000  0.000      7_0001
SCORE:  2158.385  -9784.128   2094.908   7117.130          24.486                556.553       -321.837  -2189.967      152.539       -521.647       -168.500       -219.308    -134.359        0.000    375.043   5082.676   -192.209            0.000    160.555        126.451          0.106    1.000       1.000       1.000       1.000       1.000       1.000   0.000  1448.000     1448.000  0.000     80_0001
SCORE:  2158.858  -9780.677   2094.231   7111.026          24.484                556.150       -322.745  -2185.622      152.539       -521.647       -168.500       -219.308    -134.559        0.000    375.043   5083.646   -192.209            0.000    160.555        126.451          0.138    1.000       1.000       1.000       1.000       1.000       1.000   0.000  1448.000     1448.000  0.000     81_0001
SCORE:  2158.385  -9784.128   2094.908   7117.130          24.486                556.553       -321.837  -2189.967      152.539       -521.647       -168.500       -219.308    -134.359        0.000    375.043   5082.676   -192.209            0.000    160.555        126.451          0.108    1.000       1.000       1.000       1.000       1.000       1.000   0.000  1448.000     1448.000  0.000     82_0001
SCORE:  2158.385  -9784.128   2094.908   7117.130          24.486                556.553       -321.837  -2189.967      152.539       -521.647       -168.500       -219.308    -134.359        0.000    375.043   5082.676   -192.209            0.000    160.555        126.451          0.142    1.000       1.000       1.000       1.000       1.000       1.000   0.000  1448.000     1448.000  0.000     83_0001
SCORE:  2158.385  -9784.128   2094.908   7117.130          24.486                556.553       -321.837  -2189.967      152.539       -521.647       -168.500       -219.308    -134.359        0.000    375.043   5082.676   -192.209            0.000    160.555        126.451          0.106    1.000       1.000       1.000       1.000       1.000       1.000   0.000  1448.000     1448.000  0.000     84_0001
SCORE:  2158.385  -9784.128   2094.908   7117.130          24.486                556.553       -321.837  -2189.967      152.539       -521.647       -168.500       -219.308    -134.359        0.000    375.043   5082.676   -192.209            0.000    160.555        126.451          0.107    1.000       1.000       1.000       1.000       1.000       1.000   0.000  1448.000     1448.000  0.000     85_0001
SCORE:  2158.290  -9782.447   2094.610   7114.938          24.494                556.415       -320.479  -2189.947      152.539       -521.647       -168.500       -219.308    -135.592        0.000    375.043   5083.375   -192.209            0.000    160.555        126.451          0.151    1.000       1.000       1.000       1.000       1.000       1.000   0.000  1448.000     1448.000  0.000     86_0001
SCORE:  2158.385  -9784.128   2094.908   7117.130          24.486                556.553       -321.837  -2189.967      152.539       -521.647       -168.500       -219.308    -134.359        0.000    375.043   5082.676   -192.209            0.000    160.555        126.451          0.111    1.000       1.000       1.000       1.000       1.000       1.000   0.000  1448.000     1448.000  0.000     87_0001
SCORE:  2158.290  -9782.447   2094.610   7114.938          24.494                556.415       -320.479  -2189.947      152.539       -521.647       -168.500       -219.308    -135.592        0.000    375.043   5083.375   -192.209            0.000    160.555        126.451          0.123    1.000       1.000       1.000       1.000       1.000       1.000   0.000  1448.000     1448.000  0.000     88_0001
SCORE:  2158.290  -9782.447   2094.610   7114.938          24.494                556.415       -320.479  -2189.947      152.539       -521.647       -168.500       -219.308    -135.592        0.000    375.043   5083.375   -192.209            0.000    160.555        126.451          0.123    1.000       1.000       1.000       1.000       1.000       1.000   0.000  1448.000     1448.000  0.000     89_0001
SCORE:  2158.290  -9782.447   2094.610   7114.938          24.494                556.415       -320.479  -2189.947      152.539       -521.647       -168.500       -219.308    -135.592        0.000    375.043   5083.375   -192.209            0.000    160.555        126.451          0.149    1.000       1.000       1.000       1.000       1.000       1.000   0.000  1448.000     1448.000  0.000      8_0001
SCORE:  2158.290  -9782.447   2094.610   7114.938          24.494                556.415       -320.479  -2189.947      152.539       -521.647       -168.500       -219.308    -135.592        0.000    375.043   5083.375   -192.209            0.000    160.555        126.451          0.123    1.000       1.000       1.000       1.000       1.000       1.000   0.000  1448.000     1448.000  0.000     90_0001
SCORE:  2158.762  -9778.997   2093.933   7108.835          24.492                556.012       -321.387  -2185.602      152.539       -521.647       -168.500       -219.308    -135.792        0.000    375.043   5084.345   -192.209            0.000    160.555        126.451          0.131    1.000       1.000       1.000       1.000       1.000       1.000   0.000  1448.000     1448.000  0.000     91_0001
SCORE:  2158.385  -9784.128   2094.908   7117.130          24.486                556.553       -321.837  -2189.967      152.539       -521.647       -168.500       -219.308    -134.359        0.000    375.043   5082.676   -192.209            0.000    160.555        126.451          0.139    1.000       1.000       1.000       1.000       1.000       1.000   0.000  1448.000     1448.000  0.000     92_0001
SCORE:  2158.290  -9782.447   2094.610   7114.938          24.494                556.415       -320.479  -2189.947      152.539       -521.647       -168.500       -219.308    -135.592        0.000    375.043   5083.375   -192.209            0.000    160.555        126.451          0.123    1.000       1.000       1.000       1.000       1.000       1.000   0.000  1448.000     1448.000  0.000     93_0001
SCORE:  2158.290  -9782.447   2094.610   7114.938          24.494                556.415       -320.479  -2189.947      152.539       -521.647       -168.500       -219.308    -135.592        0.000    375.043   5083.375   -192.209            0.000    160.555        126.451          0.124    1.000       1.000       1.000       1.000       1.000       1.000   0.000  1448.000     1448.000  0.000     94_0001
SCORE:  2158.290  -9782.447   2094.610   7114.938          24.494                556.415       -320.479  -2189.947      152.539       -521.647       -168.500       -219.308    -135.592        0.000    375.043   5083.375   -192.209            0.000    160.555        126.451          0.119    1.000       1.000       1.000       1.000       1.000       1.000   0.000  1448.000     1448.000  0.000     95_0001
SCORE:  2158.385  -9784.128   2094.908   7117.130          24.486                556.553       -321.837  -2189.967      152.539       -521.647       -168.500       -219.308    -134.359        0.000    375.043   5082.676   -192.209            0.000    160.555        126.451          0.111    1.000       1.000       1.000       1.000       1.000       1.000   0.000  1448.000     1448.000  0.000     96_0001
SCORE:  2158.385  -9784.128   2094.908   7117.130          24.486                556.553       -321.837  -2189.967      152.539       -521.647       -168.500       -219.308    -134.359        0.000    375.043   5082.676   -192.209            0.000    160.555        126.451          0.142    1.000       1.000       1.000       1.000       1.000       1.000   0.000  1448.000     1448.000  0.000     97_0001
SCORE:  2158.290  -9782.447   2094.610   7114.938          24.494                556.415       -320.479  -2189.947      152.539       -521.647       -168.500       -219.308    -135.592        0.000    375.043   5083.375   -192.209            0.000    160.555        126.451          0.122    1.000       1.000       1.000       1.000       1.000       1.000   0.000  1448.000     1448.000  0.000     98_0001
SCORE:  2158.290  -9782.447   2094.610   7114.938          24.494                556.415       -320.479  -2189.947      152.539       -521.647       -168.500       -219.308    -135.592        0.000    375.043   5083.375   -192.209            0.000    160.555        126.451          0.119    1.000       1.000       1.000       1.000       1.000       1.000   0.000  1448.000     1448.000  0.000     99_0001
SCORE:  2158.290  -9782.447   2094.610   7114.938          24.494                556.415       -320.479  -2189.947      152.539       -521.647       -168.500       -219.308    -135.592        0.000    375.043   5083.375   -192.209            0.000    160.555        126.451          0.120    1.000       1.000       1.000       1.000       1.000       1.000   0.000  1448.000     1448.000  0.000      9_0001
